[N
20
14
18 cycloneive_io_obuf
16
29 tipd_seriesterminationcontrol
17
8 tpd_oe_o
13
8 lpm_type
6
7 tpd_i_o
18
10 tpd_i_obar
20
17 open_drain_output
12
13 simulate_z_as
8
3 XOn
3
4 arch
9
5 MsgOn
11
8 bus_hold
4
6 tipd_i
7
10 tpd_ibar_o
19
11 tpd_oe_obar
15
7 tipd_oe
5
9 tipd_ibar
1
74 /home/mac/Software/intelFPGA_lite/24.1std/questa_fse/intel/vhdl/cycloneive
10
17 differential_mode
2
18 cycloneive_io_ibuf
]
[G
1
2
3
1
8
0
0
0
0
0 0
0
0
]
[G
1
14
3
1
8
0
0
0
0
0 0
0
0
]
[G
1
2
3
1
11
0
0
0
0
5 0
102
97
108
115
101
1
1
1 5 1 1
]
[G
1
14
3
1
11
0
0
0
0
5 0
102
97
108
115
101
1
1
1 5 1 1
]
[G
1
2
3
1
4
0
0
0
0
16 1
0
0
0
]
[G
1
2
3
1
7
0
0
0
0
16 1
0
0
0
]
[G
1
14
3
1
4
0
0
0
0
16 1
0
0
0
]
[G
1
2
3
1
5
0
0
0
0
16 1
0
0
0
]
[G
1
14
3
1
19
0
0
0
0
16 1
0
0
0
]
[G
1
14
3
1
15
0
0
0
0
16 1
0
0
0
]
[G
1
2
3
1
10
0
0
0
0
5 0
102
97
108
115
101
1
1
1 5 1 1
]
[G
1
14
3
1
16
0
0
0
0
256 1
0
0
0
]
[G
1
2
3
1
13
0
0
0
0
18 0
99
121
99
108
111
110
101
105
118
101
95
105
111
95
105
98
117
102
1
1
1 18 1 1
]
[G
1
14
3
1
17
0
0
0
0
16 1
0
0
0
]
[G
1
14
3
1
13
0
0
0
0
18 0
99
121
99
108
111
110
101
105
118
101
95
105
111
95
111
98
117
102
1
1
1 18 1 1
]
[G
1
2
3
1
6
0
0
0
0
16 1
0
0
0
]
[G
1
14
3
1
6
0
0
0
0
16 1
0
0
0
]
[G
1
14
3
1
18
0
0
0
0
16 1
0
0
0
]
[G
1
14
3
1
20
0
0
0
0
5 0
102
97
108
115
101
1
1
1 5 1 1
]
[G
1
2
3
1
12
0
0
0
0
1 1
122
1
1
1 1 1 1
]
[G
1
2
3
1
9
0
0
0
0
0 0
0
0
]
[G
1
14
3
1
9
0
0
0
0
0 0
0
0
]
